65
79
146
142
87
115
199
131
66
53
122
138
164
51
159
184
45
137
194
180
158
183
168
181
72
49
8
149
18
11
50
47
166
7
55
0
30
148
156
102
124
62
81
100
57
188
22
153
41
140
118
167
78
1
155
37
3
152
185
119
187
9
44
43
191
141
198
77
56
186
128
110
70
123
64
195
120
88
111
145
101
52
46
105
80
59
4
179
16
112
14
91
61
20
34
157
104
35
109
32
54
76
103
197
96
89
169
189
106
196
170
75
19
38
127
33
177
160
99
94
25
27
12
58
116
147
190
2
67
163
42
143
126
192
134
182
125
107
114
130
161
28
129
86
15
23
171
97
84
60
48
17
93
29
135
136
193
178
154
63
24
144
39
10
40
83
36
151
95
92
150
175
117
26
133
13
69
108
139
68
98
21
85
82
71
173
74
73
121
113
162
174
132
172
165
90
31
6
5
176
