142
103
43
109
166
5
104
182
184
171
163
38
18
113
183
19
54
174
161
148
170
31
118
189
176
137
195
7
96
61
25
145
42
56
48
152
91
146
188
199
132
105
88
198
127
155
196
147
153
156
24
101
23
82
1
157
53
178
21
44
172
179
136
180
121
35
92
62
126
57
16
125
37
107
3
77
164
47
106
32
51
97
160
13
154
11
66
93
9
143
60
134
119
141
175
28
90
112
63
22
81
191
133
114
74
193
122
36
102
192
71
84
41
68
26
39
139
27
64
15
131
95
12
115
99
55
69
140
45
194
75
4
169
50
17
94
158
128
34
116
46
123
72
86
78
98
150
185
162
30
0
80
186
181
87
138
108
120
149
89
58
110
33
20
59
2
173
117
52
40
159
76
67
14
177
167
29
85
65
79
129
100
190
168
197
165
187
144
10
70
151
135
6
8
83
130
73
124
49
111
